100
319 10
894 97
918 38
397 40
1000 5
779 34
915 30
875 93
451 5
270 26
906 56
289 48
537 11
808 71
1000 3
124 68
2 99
582 60
950 63
81 39
758 96
835 62
3 10
363 69
226 22
965 51
555 27
758 85
2 95
440 28
950 71
1000 96
2 5
140 74
295 30
656 95
838 46
424 35
2 98
2 1
173 90
958 86
551 71
387 98
772 5
446 2
2 2
289 65
837 81
1000 97
79 65
494 92
871 75
642 34
930 46
93 3
254 30
204 41
1000 2
1000 1
635 54
950 95
1000 99
1000 95
277 79
2 4
522 40
2 50
171 6
912 68
452 71
373 46
355 11
2 96
13 37
755 11
865 5
924 39
885 57
793 69
892 10
500 44
728 33
492 78
398 61
2 97
443 91
5 75
1000 4
964 38
432 88
911 80
70 56
1000 98
2 3
583 72
30 46
824 54
61 39
712 1
